476,35
10,235
10,249
10,65
10,123
10,85
10,167
10,19
10,283
10,2
10,3
9,7
9,1
9,5
9,2
9,3
8,16
8,7
8,14
8,13
8,5
8,10
2,2
2,1
2,3
273,5
273,4
273,3
273,2
273,1
273,0
272,5
272,4
272,3
272,2
272,1
272,0
268,4
268,3
268,2
268,1
268,0
29,7
29,6
29,5
29,4
29,3
29,2
29,1
28,4
28,3
28,2
28,1
25,3
25,1
20,3
20,2
20,1
19,3
19,2
19,1
18,3
18,1
14,3
14,1
13,3
13,1
12,3
12,2
12,1
11,27
11,26
11,25
11,24
11,23
11,22
11,21
11,20
11,19
11,18
11,17
11,16
11,15
11,14
11,13
11,12
11,11
11,10
11,9
11,8
11,7
11,6
11,5
